

Accuracy 2dp: tensor([[33.3333],
        [53.3333],
        [23.3333],
        [40.0000],
        [16.6667],
        [20.0000],
        [36.6667],
        [30.0000],
        [26.6667],
        [30.0000],
        [36.6667],
        [46.6667],
        [33.3333],
        [46.6667],
        [46.6667],
        [43.3333],
        [56.6667],
        [33.3333],
        [36.6667],
        [23.3333],
        [26.6667],
        [30.0000],
        [26.6667],
        [33.3333],
        [50.0000],
        [50.0000],
        [40.0000],
        [46.6667],
        [53.3333],
        [40.0000],
        [36.6667],
        [33.3333]])%
Accuracy 1dp: tensor([[100.0000],
        [100.0000],
        [100.0000],
        [100.0000],
        [100.0000],
        [100.0000],
        [100.0000],
        [100.0000],
        [100.0000],
        [100.0000],
        [100.0000],
        [100.0000],
        [100.0000],
        [100.0000],
        [100.0000],
        [ 96.6667],
        [100.0000],
        [100.0000],
        [100.0000],
        [100.0000],
        [100.0000],
        [100.0000],
        [100.0000],
        [100.0000],
        [100.0000],
        [100.0000],
        [100.0000],
        [100.0000],
        [100.0000],
        [100.0000],
        [100.0000],
        [100.0000]])%


Accuracy 2dp: tensor([[26.6667],
        [26.6667],
        [ 6.6667],
        [26.6667],
        [13.3333],
        [23.3333],
        [20.0000],
        [23.3333],
        [10.0000],
        [ 6.6667],
        [13.3333],
        [16.6667],
        [23.3333],
        [16.6667],
        [33.3333],
        [23.3333],
        [20.0000],
        [23.3333],
        [13.3333],
        [16.6667],
        [13.3333],
        [23.3333],
        [ 6.6667],
        [23.3333],
        [26.6667],
        [33.3333],
        [16.6667],
        [ 6.6667],
        [23.3333],
        [23.3333],
        [13.3333],
        [20.0000]])%
Accuracy 1dp: tensor([[100.0000],
        [ 93.3333],
        [ 96.6667],
        [ 96.6667],
        [ 96.6667],
        [100.0000],
        [ 93.3333],
        [ 93.3333],
        [ 96.6667],
        [100.0000],
        [100.0000],
        [ 93.3333],
        [100.0000],
        [100.0000],
        [ 96.6667],
        [ 90.0000],
        [100.0000],
        [100.0000],
        [ 96.6667],
        [ 90.0000],
        [ 93.3333],
        [ 93.3333],
        [100.0000],
        [ 93.3333],
        [100.0000],
        [100.0000],
        [100.0000],
        [ 96.6667],
        [ 96.6667],
        [100.0000],
        [100.0000],
        [100.0000]])%


Accuracy 2dp: tensor([[26.6667],
        [26.6667],
        [ 6.6667],
        [26.6667],
        [13.3333],
        [23.3333],
        [20.0000],
        [23.3333],
        [10.0000],
        [ 6.6667],
        [13.3333],
        [16.6667],
        [23.3333],
        [16.6667],
        [33.3333],
        [23.3333],
        [20.0000],
        [23.3333],
        [13.3333],
        [16.6667],
        [13.3333],
        [23.3333],
        [ 6.6667],
        [23.3333],
        [26.6667],
        [33.3333],
        [16.6667],
        [ 6.6667],
        [23.3333],
        [23.3333],
        [13.3333],
        [20.0000]])%
Accuracy 1dp: tensor([[100.0000],
        [ 93.3333],
        [ 96.6667],
        [ 96.6667],
        [ 96.6667],
        [100.0000],
        [ 93.3333],
        [ 93.3333],
        [ 96.6667],
        [100.0000],
        [100.0000],
        [ 93.3333],
        [100.0000],
        [100.0000],
        [ 96.6667],
        [ 90.0000],
        [100.0000],
        [100.0000],
        [ 96.6667],
        [ 90.0000],
        [ 93.3333],
        [ 93.3333],
        [100.0000],
        [ 93.3333],
        [100.0000],
        [100.0000],
        [100.0000],
        [ 96.6667],
        [ 96.6667],
        [100.0000],
        [100.0000],
        [100.0000]])%


Accuracy 2dp: tensor([[26.6667],
        [26.6667],
        [ 6.6667],
        [26.6667],
        [13.3333],
        [23.3333],
        [20.0000],
        [23.3333],
        [10.0000],
        [ 6.6667],
        [13.3333],
        [16.6667],
        [23.3333],
        [16.6667],
        [33.3333],
        [23.3333],
        [20.0000],
        [23.3333],
        [13.3333],
        [16.6667],
        [13.3333],
        [23.3333],
        [ 6.6667],
        [23.3333],
        [26.6667],
        [33.3333],
        [16.6667],
        [ 6.6667],
        [23.3333],
        [23.3333],
        [13.3333],
        [20.0000]])%
Accuracy 1dp: tensor([[100.0000],
        [ 93.3333],
        [ 96.6667],
        [ 96.6667],
        [ 96.6667],
        [100.0000],
        [ 93.3333],
        [ 93.3333],
        [ 96.6667],
        [100.0000],
        [100.0000],
        [ 93.3333],
        [100.0000],
        [100.0000],
        [ 96.6667],
        [ 90.0000],
        [100.0000],
        [100.0000],
        [ 96.6667],
        [ 90.0000],
        [ 93.3333],
        [ 93.3333],
        [100.0000],
        [ 93.3333],
        [100.0000],
        [100.0000],
        [100.0000],
        [ 96.6667],
        [ 96.6667],
        [100.0000],
        [100.0000],
        [100.0000]])%


Accuracy 2dp: tensor([[26.6667],
        [26.6667],
        [ 6.6667],
        [26.6667],
        [13.3333],
        [23.3333],
        [20.0000],
        [23.3333],
        [10.0000],
        [ 6.6667],
        [13.3333],
        [16.6667],
        [23.3333],
        [16.6667],
        [33.3333],
        [23.3333],
        [20.0000],
        [23.3333],
        [13.3333],
        [16.6667],
        [13.3333],
        [23.3333],
        [ 6.6667],
        [23.3333],
        [26.6667],
        [33.3333],
        [16.6667],
        [ 6.6667],
        [23.3333],
        [23.3333],
        [13.3333],
        [20.0000]])%
Accuracy 1dp: tensor([[100.0000],
        [ 93.3333],
        [ 96.6667],
        [ 96.6667],
        [ 96.6667],
        [100.0000],
        [ 93.3333],
        [ 93.3333],
        [ 96.6667],
        [100.0000],
        [100.0000],
        [ 93.3333],
        [100.0000],
        [100.0000],
        [ 96.6667],
        [ 90.0000],
        [100.0000],
        [100.0000],
        [ 96.6667],
        [ 90.0000],
        [ 93.3333],
        [ 93.3333],
        [100.0000],
        [ 93.3333],
        [100.0000],
        [100.0000],
        [100.0000],
        [ 96.6667],
        [ 96.6667],
        [100.0000],
        [100.0000],
        [100.0000]])%


Accuracy 2dp: tensor([[2.3810],
        [0.0000],
        [0.0000],
        [0.0000],
        [2.3810],
        [0.0000],
        [0.0000],
        [0.0000],
        [0.0000],
        [0.0000],
        [0.0000],
        [0.0000],
        [0.0000],
        [0.0000],
        [0.0000],
        [0.0000],
        [0.0000],
        [0.0000],
        [0.0000],
        [2.3810],
        [0.0000],
        [0.0000],
        [0.0000],
        [0.0000],
        [0.0000],
        [0.0000],
        [0.0000],
        [0.0000],
        [0.0000],
        [0.0000],
        [0.0000],
        [2.3810]])%
Accuracy 1dp: tensor([[9.5238],
        [7.1429],
        [2.3810],
        [2.3810],
        [4.7619],
        [4.7619],
        [0.0000],
        [4.7619],
        [2.3810],
        [4.7619],
        [2.3810],
        [4.7619],
        [4.7619],
        [2.3810],
        [7.1429],
        [2.3810],
        [2.3810],
        [9.5238],
        [4.7619],
        [4.7619],
        [9.5238],
        [4.7619],
        [9.5238],
        [4.7619],
        [4.7619],
        [4.7619],
        [2.3810],
        [2.3810],
        [4.7619],
        [0.0000],
        [2.3810],
        [7.1429]])%


Accuracy 2dp: tensor([[3.1250],
        [0.0000],
        [0.0000],
        [0.0000],
        [0.0000],
        [0.0000],
        [0.0000],
        [0.0000],
        [0.0000],
        [0.0000],
        [0.0000],
        [0.0000],
        [0.0000],
        [0.0000],
        [0.0000],
        [0.0000],
        [0.0000],
        [0.0000],
        [0.0000],
        [3.1250],
        [0.0000],
        [0.0000],
        [0.0000],
        [0.0000],
        [0.0000],
        [0.0000],
        [0.0000],
        [3.1250],
        [0.0000],
        [0.0000],
        [0.0000],
        [0.0000]])%
Accuracy 1dp: tensor([[ 9.3750],
        [12.5000],
        [ 9.3750],
        [ 6.2500],
        [ 0.0000],
        [15.6250],
        [ 3.1250],
        [ 0.0000],
        [ 0.0000],
        [ 0.0000],
        [ 9.3750],
        [ 6.2500],
        [ 0.0000],
        [ 0.0000],
        [15.6250],
        [ 3.1250],
        [ 9.3750],
        [15.6250],
        [ 9.3750],
        [ 3.1250],
        [ 0.0000],
        [12.5000],
        [ 3.1250],
        [ 0.0000],
        [ 3.1250],
        [ 0.0000],
        [12.5000],
        [12.5000],
        [ 0.0000],
        [ 0.0000],
        [ 3.1250],
        [ 0.0000]])%


Accuracy 2dp: tensor([[0.0000],
        [6.2500],
        [0.0000],
        [3.1250],
        [0.0000],
        [0.0000],
        [6.2500],
        [9.3750],
        [0.0000],
        [0.0000],
        [0.0000],
        [3.1250],
        [0.0000],
        [0.0000],
        [0.0000],
        [0.0000],
        [0.0000],
        [0.0000],
        [0.0000],
        [0.0000],
        [3.1250],
        [6.2500],
        [0.0000],
        [3.1250],
        [3.1250],
        [0.0000],
        [0.0000],
        [3.1250],
        [0.0000],
        [0.0000],
        [3.1250],
        [0.0000]])%
Accuracy 1dp: tensor([[ 6.2500],
        [ 9.3750],
        [ 0.0000],
        [ 9.3750],
        [12.5000],
        [ 9.3750],
        [28.1250],
        [28.1250],
        [ 3.1250],
        [ 6.2500],
        [ 9.3750],
        [ 9.3750],
        [ 0.0000],
        [ 0.0000],
        [ 6.2500],
        [ 3.1250],
        [ 0.0000],
        [ 3.1250],
        [ 0.0000],
        [ 6.2500],
        [ 9.3750],
        [ 9.3750],
        [15.6250],
        [15.6250],
        [15.6250],
        [ 9.3750],
        [ 6.2500],
        [18.7500],
        [ 0.0000],
        [ 3.1250],
        [12.5000],
        [ 3.1250]])%


Accuracy 2dp: tensor([[0.0000],
        [6.2500],
        [0.0000],
        [3.1250],
        [0.0000],
        [0.0000],
        [6.2500],
        [9.3750],
        [0.0000],
        [0.0000],
        [0.0000],
        [3.1250],
        [0.0000],
        [0.0000],
        [0.0000],
        [0.0000],
        [0.0000],
        [0.0000],
        [0.0000],
        [0.0000],
        [3.1250],
        [6.2500],
        [0.0000],
        [3.1250],
        [3.1250],
        [0.0000],
        [0.0000],
        [3.1250],
        [0.0000],
        [0.0000],
        [3.1250],
        [0.0000]])%
Accuracy 1dp: tensor([[ 6.2500],
        [ 9.3750],
        [ 0.0000],
        [ 9.3750],
        [12.5000],
        [ 9.3750],
        [28.1250],
        [28.1250],
        [ 3.1250],
        [ 6.2500],
        [ 9.3750],
        [ 9.3750],
        [ 0.0000],
        [ 0.0000],
        [ 6.2500],
        [ 3.1250],
        [ 0.0000],
        [ 3.1250],
        [ 0.0000],
        [ 6.2500],
        [ 9.3750],
        [ 9.3750],
        [15.6250],
        [15.6250],
        [15.6250],
        [ 9.3750],
        [ 6.2500],
        [18.7500],
        [ 0.0000],
        [ 3.1250],
        [12.5000],
        [ 3.1250]])%


Accuracy 2dp: tensor([[26.6667],
        [26.6667],
        [ 6.6667],
        [26.6667],
        [13.3333],
        [23.3333],
        [20.0000],
        [23.3333],
        [10.0000],
        [ 6.6667],
        [13.3333],
        [16.6667],
        [23.3333],
        [16.6667],
        [33.3333],
        [23.3333],
        [20.0000],
        [23.3333],
        [13.3333],
        [16.6667],
        [13.3333],
        [23.3333],
        [ 6.6667],
        [23.3333],
        [26.6667],
        [33.3333],
        [16.6667],
        [ 6.6667],
        [23.3333],
        [23.3333],
        [13.3333],
        [20.0000]])%
Accuracy 1dp: tensor([[100.0000],
        [ 93.3333],
        [ 96.6667],
        [ 96.6667],
        [ 96.6667],
        [100.0000],
        [ 93.3333],
        [ 93.3333],
        [ 96.6667],
        [100.0000],
        [100.0000],
        [ 93.3333],
        [100.0000],
        [100.0000],
        [ 96.6667],
        [ 90.0000],
        [100.0000],
        [100.0000],
        [ 96.6667],
        [ 90.0000],
        [ 93.3333],
        [ 93.3333],
        [100.0000],
        [ 93.3333],
        [100.0000],
        [100.0000],
        [100.0000],
        [ 96.6667],
        [ 96.6667],
        [100.0000],
        [100.0000],
        [100.0000]])%


Accuracy 2dp: tensor([[0.0000],
        [6.2500],
        [0.0000],
        [3.1250],
        [0.0000],
        [0.0000],
        [6.2500],
        [9.3750],
        [0.0000],
        [0.0000],
        [0.0000],
        [3.1250],
        [0.0000],
        [0.0000],
        [0.0000],
        [0.0000],
        [0.0000],
        [0.0000],
        [0.0000],
        [0.0000],
        [3.1250],
        [6.2500],
        [0.0000],
        [3.1250],
        [3.1250],
        [0.0000],
        [0.0000],
        [3.1250],
        [0.0000],
        [0.0000],
        [3.1250],
        [0.0000]])%
Accuracy 1dp: tensor([[ 6.2500],
        [ 9.3750],
        [ 0.0000],
        [ 9.3750],
        [12.5000],
        [ 9.3750],
        [28.1250],
        [28.1250],
        [ 3.1250],
        [ 6.2500],
        [ 9.3750],
        [ 9.3750],
        [ 0.0000],
        [ 0.0000],
        [ 6.2500],
        [ 3.1250],
        [ 0.0000],
        [ 3.1250],
        [ 0.0000],
        [ 6.2500],
        [ 9.3750],
        [ 9.3750],
        [15.6250],
        [15.6250],
        [15.6250],
        [ 9.3750],
        [ 6.2500],
        [18.7500],
        [ 0.0000],
        [ 3.1250],
        [12.5000],
        [ 3.1250]])%


Accuracy 2dp: tensor([[26.6667],
        [26.6667],
        [ 6.6667],
        [26.6667],
        [13.3333],
        [23.3333],
        [20.0000],
        [23.3333],
        [10.0000],
        [ 6.6667],
        [13.3333],
        [16.6667],
        [23.3333],
        [16.6667],
        [33.3333],
        [23.3333],
        [20.0000],
        [23.3333],
        [13.3333],
        [16.6667],
        [13.3333],
        [23.3333],
        [ 6.6667],
        [23.3333],
        [26.6667],
        [33.3333],
        [16.6667],
        [ 6.6667],
        [23.3333],
        [23.3333],
        [13.3333],
        [20.0000]])%
Accuracy 1dp: tensor([[100.0000],
        [ 93.3333],
        [ 96.6667],
        [ 96.6667],
        [ 96.6667],
        [100.0000],
        [ 93.3333],
        [ 93.3333],
        [ 96.6667],
        [100.0000],
        [100.0000],
        [ 93.3333],
        [100.0000],
        [100.0000],
        [ 96.6667],
        [ 90.0000],
        [100.0000],
        [100.0000],
        [ 96.6667],
        [ 90.0000],
        [ 93.3333],
        [ 93.3333],
        [100.0000],
        [ 93.3333],
        [100.0000],
        [100.0000],
        [100.0000],
        [ 96.6667],
        [ 96.6667],
        [100.0000],
        [100.0000],
        [100.0000]])%


Accuracy 2dp: tensor([[36.6667],
        [20.0000],
        [36.6667],
        [23.3333],
        [46.6667],
        [33.3333],
        [36.6667],
        [40.0000],
        [56.6667],
        [36.6667],
        [46.6667],
        [40.0000],
        [36.6667],
        [36.6667],
        [33.3333],
        [43.3333],
        [33.3333],
        [30.0000],
        [26.6667],
        [40.0000],
        [40.0000],
        [46.6667],
        [33.3333],
        [36.6667],
        [46.6667],
        [36.6667],
        [53.3333],
        [56.6667],
        [50.0000],
        [33.3333],
        [43.3333],
        [43.3333]])%
Accuracy 1dp: tensor([[100.],
        [100.],
        [100.],
        [100.],
        [100.],
        [100.],
        [100.],
        [100.],
        [100.],
        [100.],
        [100.],
        [100.],
        [100.],
        [100.],
        [100.],
        [100.],
        [100.],
        [100.],
        [100.],
        [100.],
        [100.],
        [100.],
        [100.],
        [100.],
        [100.],
        [100.],
        [100.],
        [100.],
        [100.],
        [100.],
        [100.],
        [100.]])%


Accuracy 2dp: tensor([[36.6667],
        [20.0000],
        [36.6667],
        [23.3333],
        [46.6667],
        [33.3333],
        [36.6667],
        [40.0000],
        [56.6667],
        [36.6667],
        [46.6667],
        [40.0000],
        [36.6667],
        [36.6667],
        [33.3333],
        [43.3333],
        [33.3333],
        [30.0000],
        [26.6667],
        [40.0000],
        [40.0000],
        [46.6667],
        [33.3333],
        [36.6667],
        [46.6667],
        [36.6667],
        [53.3333],
        [56.6667],
        [50.0000],
        [33.3333],
        [43.3333],
        [43.3333]])%
Accuracy 1dp: tensor([[100.],
        [100.],
        [100.],
        [100.],
        [100.],
        [100.],
        [100.],
        [100.],
        [100.],
        [100.],
        [100.],
        [100.],
        [100.],
        [100.],
        [100.],
        [100.],
        [100.],
        [100.],
        [100.],
        [100.],
        [100.],
        [100.],
        [100.],
        [100.],
        [100.],
        [100.],
        [100.],
        [100.],
        [100.],
        [100.],
        [100.],
        [100.]])%


Accuracy 2dp: tensor([[36.6667],
        [20.0000],
        [36.6667],
        [23.3333],
        [46.6667],
        [33.3333],
        [36.6667],
        [40.0000],
        [56.6667],
        [36.6667],
        [46.6667],
        [40.0000],
        [36.6667],
        [36.6667],
        [33.3333],
        [43.3333],
        [33.3333],
        [30.0000],
        [26.6667],
        [40.0000],
        [40.0000],
        [46.6667],
        [33.3333],
        [36.6667],
        [46.6667],
        [36.6667],
        [53.3333],
        [56.6667],
        [50.0000],
        [33.3333],
        [43.3333],
        [43.3333]])%
Accuracy 1dp: tensor([[100.],
        [100.],
        [100.],
        [100.],
        [100.],
        [100.],
        [100.],
        [100.],
        [100.],
        [100.],
        [100.],
        [100.],
        [100.],
        [100.],
        [100.],
        [100.],
        [100.],
        [100.],
        [100.],
        [100.],
        [100.],
        [100.],
        [100.],
        [100.],
        [100.],
        [100.],
        [100.],
        [100.],
        [100.],
        [100.],
        [100.],
        [100.]])%


Accuracy 2dp: tensor([[0.0000],
        [0.0000],
        [0.0000],
        [0.0000],
        [0.0000],
        [6.2500],
        [3.1250],
        [3.1250],
        [0.0000],
        [0.0000],
        [0.0000],
        [3.1250],
        [0.0000],
        [0.0000],
        [0.0000],
        [0.0000],
        [0.0000],
        [3.1250],
        [0.0000],
        [0.0000],
        [3.1250],
        [0.0000],
        [3.1250],
        [0.0000],
        [0.0000],
        [0.0000],
        [0.0000],
        [0.0000],
        [0.0000],
        [0.0000],
        [0.0000],
        [0.0000]])%
Accuracy 1dp: tensor([[ 0.0000],
        [ 0.0000],
        [ 3.1250],
        [ 9.3750],
        [15.6250],
        [ 9.3750],
        [12.5000],
        [25.0000],
        [ 6.2500],
        [ 6.2500],
        [ 0.0000],
        [18.7500],
        [ 0.0000],
        [12.5000],
        [12.5000],
        [ 0.0000],
        [ 0.0000],
        [ 3.1250],
        [ 3.1250],
        [ 3.1250],
        [25.0000],
        [ 9.3750],
        [25.0000],
        [18.7500],
        [12.5000],
        [ 6.2500],
        [ 9.3750],
        [ 9.3750],
        [ 0.0000],
        [25.0000],
        [ 9.3750],
        [ 3.1250]])%


Accuracy 2dp: tensor([[0.0000],
        [0.0000],
        [0.0000],
        [0.0000],
        [0.0000],
        [6.2500],
        [3.1250],
        [3.1250],
        [0.0000],
        [0.0000],
        [0.0000],
        [3.1250],
        [0.0000],
        [0.0000],
        [0.0000],
        [0.0000],
        [0.0000],
        [3.1250],
        [0.0000],
        [0.0000],
        [3.1250],
        [0.0000],
        [3.1250],
        [0.0000],
        [0.0000],
        [0.0000],
        [0.0000],
        [0.0000],
        [0.0000],
        [0.0000],
        [0.0000],
        [0.0000]])%
Accuracy 1dp: tensor([[ 0.0000],
        [ 0.0000],
        [ 3.1250],
        [ 9.3750],
        [15.6250],
        [ 9.3750],
        [12.5000],
        [25.0000],
        [ 6.2500],
        [ 6.2500],
        [ 0.0000],
        [18.7500],
        [ 0.0000],
        [12.5000],
        [12.5000],
        [ 0.0000],
        [ 0.0000],
        [ 3.1250],
        [ 3.1250],
        [ 3.1250],
        [25.0000],
        [ 9.3750],
        [25.0000],
        [18.7500],
        [12.5000],
        [ 6.2500],
        [ 9.3750],
        [ 9.3750],
        [ 0.0000],
        [25.0000],
        [ 9.3750],
        [ 3.1250]])%


Accuracy 2dp: tensor([[40.0000],
        [30.0000],
        [43.3333],
        [40.0000],
        [33.3333],
        [50.0000],
        [36.6667],
        [30.0000],
        [26.6667],
        [26.6667],
        [36.6667],
        [36.6667],
        [43.3333],
        [40.0000],
        [26.6667],
        [36.6667],
        [30.0000],
        [36.6667],
        [40.0000],
        [36.6667],
        [43.3333],
        [33.3333],
        [36.6667],
        [26.6667],
        [43.3333],
        [50.0000],
        [23.3333],
        [40.0000],
        [56.6667],
        [33.3333],
        [40.0000],
        [40.0000]])%
Accuracy 1dp: tensor([[100.],
        [100.],
        [100.],
        [100.],
        [100.],
        [100.],
        [100.],
        [100.],
        [100.],
        [100.],
        [100.],
        [100.],
        [100.],
        [100.],
        [100.],
        [100.],
        [100.],
        [100.],
        [100.],
        [100.],
        [100.],
        [100.],
        [100.],
        [100.],
        [100.],
        [100.],
        [100.],
        [100.],
        [100.],
        [100.],
        [100.],
        [100.]])%


Accuracy 2dp: tensor([[40.0000],
        [30.0000],
        [43.3333],
        [40.0000],
        [33.3333],
        [50.0000],
        [36.6667],
        [30.0000],
        [26.6667],
        [26.6667],
        [36.6667],
        [36.6667],
        [43.3333],
        [40.0000],
        [26.6667],
        [36.6667],
        [30.0000],
        [36.6667],
        [40.0000],
        [36.6667],
        [43.3333],
        [33.3333],
        [36.6667],
        [26.6667],
        [43.3333],
        [50.0000],
        [23.3333],
        [40.0000],
        [56.6667],
        [33.3333],
        [40.0000],
        [40.0000]])%
Accuracy 1dp: tensor([[100.],
        [100.],
        [100.],
        [100.],
        [100.],
        [100.],
        [100.],
        [100.],
        [100.],
        [100.],
        [100.],
        [100.],
        [100.],
        [100.],
        [100.],
        [100.],
        [100.],
        [100.],
        [100.],
        [100.],
        [100.],
        [100.],
        [100.],
        [100.],
        [100.],
        [100.],
        [100.],
        [100.],
        [100.],
        [100.],
        [100.],
        [100.]])%


Accuracy 2dp: tensor([[0.0000],
        [0.0000],
        [0.0000],
        [0.0000],
        [0.0000],
        [0.0000],
        [0.0000],
        [0.0000],
        [0.0000],
        [0.0000],
        [3.1250],
        [6.2500],
        [0.0000],
        [3.1250],
        [0.0000],
        [0.0000],
        [0.0000],
        [0.0000],
        [3.1250],
        [0.0000],
        [0.0000],
        [6.2500],
        [3.1250],
        [0.0000],
        [0.0000],
        [3.1250],
        [3.1250],
        [0.0000],
        [0.0000],
        [0.0000],
        [0.0000],
        [0.0000]])%
Accuracy 1dp: tensor([[ 0.0000],
        [ 6.2500],
        [ 3.1250],
        [ 9.3750],
        [ 9.3750],
        [12.5000],
        [12.5000],
        [12.5000],
        [ 6.2500],
        [18.7500],
        [18.7500],
        [18.7500],
        [ 0.0000],
        [ 9.3750],
        [12.5000],
        [ 0.0000],
        [ 3.1250],
        [ 0.0000],
        [ 6.2500],
        [ 6.2500],
        [12.5000],
        [ 6.2500],
        [21.8750],
        [ 9.3750],
        [ 9.3750],
        [15.6250],
        [ 3.1250],
        [ 9.3750],
        [ 3.1250],
        [ 6.2500],
        [ 3.1250],
        [12.5000]])%


Accuracy 2dp: tensor([[0.0000],
        [0.0000],
        [0.0000],
        [0.0000],
        [0.0000],
        [0.0000],
        [0.0000],
        [0.0000],
        [0.0000],
        [0.0000],
        [3.1250],
        [6.2500],
        [0.0000],
        [3.1250],
        [0.0000],
        [0.0000],
        [0.0000],
        [0.0000],
        [3.1250],
        [0.0000],
        [0.0000],
        [6.2500],
        [3.1250],
        [0.0000],
        [0.0000],
        [3.1250],
        [3.1250],
        [0.0000],
        [0.0000],
        [0.0000],
        [0.0000],
        [0.0000]])%
Accuracy 1dp: tensor([[ 0.0000],
        [ 6.2500],
        [ 3.1250],
        [ 9.3750],
        [ 9.3750],
        [12.5000],
        [12.5000],
        [12.5000],
        [ 6.2500],
        [18.7500],
        [18.7500],
        [18.7500],
        [ 0.0000],
        [ 9.3750],
        [12.5000],
        [ 0.0000],
        [ 3.1250],
        [ 0.0000],
        [ 6.2500],
        [ 6.2500],
        [12.5000],
        [ 6.2500],
        [21.8750],
        [ 9.3750],
        [ 9.3750],
        [15.6250],
        [ 3.1250],
        [ 9.3750],
        [ 3.1250],
        [ 6.2500],
        [ 3.1250],
        [12.5000]])%


Accuracy 2dp: tensor([[ 9.3750],
        [ 0.0000],
        [ 0.0000],
        [ 9.3750],
        [ 0.0000],
        [ 6.2500],
        [ 6.2500],
        [ 0.0000],
        [ 3.1250],
        [ 0.0000],
        [ 3.1250],
        [ 3.1250],
        [12.5000],
        [ 3.1250],
        [ 9.3750],
        [ 6.2500],
        [ 3.1250],
        [ 6.2500],
        [ 0.0000],
        [ 6.2500],
        [ 6.2500],
        [ 3.1250],
        [12.5000],
        [ 0.0000],
        [ 6.2500],
        [ 0.0000],
        [ 3.1250],
        [ 6.2500],
        [ 9.3750],
        [ 6.2500],
        [ 6.2500],
        [ 6.2500]])%
Accuracy 1dp: tensor([[62.5000],
        [65.6250],
        [53.1250],
        [59.3750],
        [46.8750],
        [43.7500],
        [62.5000],
        [65.6250],
        [56.2500],
        [43.7500],
        [68.7500],
        [59.3750],
        [56.2500],
        [53.1250],
        [46.8750],
        [50.0000],
        [62.5000],
        [59.3750],
        [53.1250],
        [62.5000],
        [50.0000],
        [43.7500],
        [59.3750],
        [62.5000],
        [56.2500],
        [46.8750],
        [71.8750],
        [68.7500],
        [56.2500],
        [53.1250],
        [59.3750],
        [50.0000]])%


Accuracy 2dp: tensor([[ 9.3750],
        [ 0.0000],
        [ 0.0000],
        [ 9.3750],
        [ 0.0000],
        [ 6.2500],
        [ 6.2500],
        [ 0.0000],
        [ 3.1250],
        [ 0.0000],
        [ 3.1250],
        [ 3.1250],
        [12.5000],
        [ 3.1250],
        [ 9.3750],
        [ 6.2500],
        [ 3.1250],
        [ 6.2500],
        [ 0.0000],
        [ 6.2500],
        [ 6.2500],
        [ 3.1250],
        [12.5000],
        [ 0.0000],
        [ 6.2500],
        [ 0.0000],
        [ 3.1250],
        [ 6.2500],
        [ 9.3750],
        [ 6.2500],
        [ 6.2500],
        [ 6.2500]])%
Accuracy 1dp: tensor([[62.5000],
        [65.6250],
        [53.1250],
        [59.3750],
        [46.8750],
        [43.7500],
        [62.5000],
        [65.6250],
        [56.2500],
        [43.7500],
        [68.7500],
        [59.3750],
        [56.2500],
        [53.1250],
        [46.8750],
        [50.0000],
        [62.5000],
        [59.3750],
        [53.1250],
        [62.5000],
        [50.0000],
        [43.7500],
        [59.3750],
        [62.5000],
        [56.2500],
        [46.8750],
        [71.8750],
        [68.7500],
        [56.2500],
        [53.1250],
        [59.3750],
        [50.0000]])%


Accuracy 2dp: tensor([[0.0000],
        [0.0000],
        [0.0000],
        [0.0000],
        [0.0000],
        [0.0000],
        [0.0000],
        [0.0000],
        [0.0000],
        [0.0000],
        [3.3333],
        [3.3333],
        [0.0000],
        [0.0000],
        [0.0000],
        [0.0000],
        [3.3333],
        [0.0000],
        [0.0000],
        [3.3333],
        [0.0000],
        [0.0000],
        [0.0000],
        [0.0000],
        [0.0000],
        [0.0000],
        [0.0000],
        [0.0000],
        [0.0000],
        [3.3333],
        [0.0000],
        [3.3333]])%
Accuracy 1dp: tensor([[ 6.6667],
        [10.0000],
        [13.3333],
        [13.3333],
        [10.0000],
        [ 0.0000],
        [ 0.0000],
        [13.3333],
        [ 0.0000],
        [ 3.3333],
        [ 6.6667],
        [13.3333],
        [ 3.3333],
        [20.0000],
        [ 3.3333],
        [ 0.0000],
        [10.0000],
        [10.0000],
        [13.3333],
        [ 6.6667],
        [10.0000],
        [ 6.6667],
        [10.0000],
        [ 3.3333],
        [ 3.3333],
        [ 0.0000],
        [10.0000],
        [10.0000],
        [ 3.3333],
        [13.3333],
        [ 6.6667],
        [20.0000]])%


Accuracy 2dp: tensor([[0.0000],
        [0.0000],
        [0.0000],
        [0.0000],
        [0.0000],
        [0.0000],
        [0.0000],
        [0.0000],
        [0.0000],
        [0.0000],
        [3.3333],
        [3.3333],
        [0.0000],
        [0.0000],
        [0.0000],
        [0.0000],
        [3.3333],
        [0.0000],
        [0.0000],
        [3.3333],
        [0.0000],
        [0.0000],
        [0.0000],
        [0.0000],
        [0.0000],
        [0.0000],
        [0.0000],
        [0.0000],
        [0.0000],
        [3.3333],
        [0.0000],
        [3.3333]])%
Accuracy 1dp: tensor([[ 6.6667],
        [10.0000],
        [13.3333],
        [13.3333],
        [10.0000],
        [ 0.0000],
        [ 0.0000],
        [13.3333],
        [ 0.0000],
        [ 3.3333],
        [ 6.6667],
        [13.3333],
        [ 3.3333],
        [20.0000],
        [ 3.3333],
        [ 0.0000],
        [10.0000],
        [10.0000],
        [13.3333],
        [ 6.6667],
        [10.0000],
        [ 6.6667],
        [10.0000],
        [ 3.3333],
        [ 3.3333],
        [ 0.0000],
        [10.0000],
        [10.0000],
        [ 3.3333],
        [13.3333],
        [ 6.6667],
        [20.0000]])%


Accuracy 2dp: tensor([[ 9.3750],
        [ 0.0000],
        [ 0.0000],
        [ 9.3750],
        [ 0.0000],
        [ 6.2500],
        [ 6.2500],
        [ 0.0000],
        [ 3.1250],
        [ 0.0000],
        [ 3.1250],
        [ 3.1250],
        [12.5000],
        [ 3.1250],
        [ 9.3750],
        [ 6.2500],
        [ 3.1250],
        [ 6.2500],
        [ 0.0000],
        [ 6.2500],
        [ 6.2500],
        [ 3.1250],
        [12.5000],
        [ 0.0000],
        [ 6.2500],
        [ 0.0000],
        [ 3.1250],
        [ 6.2500],
        [ 9.3750],
        [ 6.2500],
        [ 6.2500],
        [ 6.2500]])%
Accuracy 1dp: tensor([[62.5000],
        [65.6250],
        [53.1250],
        [59.3750],
        [46.8750],
        [43.7500],
        [62.5000],
        [65.6250],
        [56.2500],
        [43.7500],
        [68.7500],
        [59.3750],
        [56.2500],
        [53.1250],
        [46.8750],
        [50.0000],
        [62.5000],
        [59.3750],
        [53.1250],
        [62.5000],
        [50.0000],
        [43.7500],
        [59.3750],
        [62.5000],
        [56.2500],
        [46.8750],
        [71.8750],
        [68.7500],
        [56.2500],
        [53.1250],
        [59.3750],
        [50.0000]])%


Accuracy 2dp: tensor([[0.],
        [0.],
        [0.],
        [0.],
        [0.],
        [0.],
        [0.],
        [0.],
        [0.],
        [0.],
        [0.],
        [0.],
        [0.],
        [0.],
        [0.],
        [0.],
        [0.],
        [0.],
        [0.],
        [0.],
        [0.],
        [0.],
        [0.],
        [0.],
        [0.],
        [0.],
        [0.],
        [0.],
        [0.],
        [0.],
        [0.],
        [0.]])%
Accuracy 1dp: tensor([[ 0.],
        [ 0.],
        [50.],
        [50.],
        [ 0.],
        [ 0.],
        [50.],
        [ 0.],
        [ 0.],
        [ 0.],
        [ 0.],
        [ 0.],
        [ 0.],
        [ 0.],
        [ 0.],
        [50.],
        [ 0.],
        [ 0.],
        [ 0.],
        [ 0.],
        [ 0.],
        [50.],
        [ 0.],
        [ 0.],
        [ 0.],
        [50.],
        [ 0.],
        [ 0.],
        [ 0.],
        [ 0.],
        [ 0.],
        [50.]])%


Accuracy 2dp: tensor([[100.],
        [100.],
        [100.],
        [100.],
        [100.],
        [100.],
        [100.],
        [100.],
        [100.],
        [100.],
        [100.],
        [100.],
        [100.],
        [100.],
        [100.],
        [100.],
        [100.],
        [100.],
        [100.],
        [100.],
        [100.],
        [100.],
        [100.],
        [100.],
        [100.],
        [100.],
        [100.],
        [100.],
        [100.],
        [100.],
        [100.],
        [100.]])%
Accuracy 1dp: tensor([[100.],
        [100.],
        [100.],
        [100.],
        [100.],
        [100.],
        [100.],
        [100.],
        [100.],
        [100.],
        [100.],
        [100.],
        [100.],
        [100.],
        [100.],
        [100.],
        [100.],
        [100.],
        [100.],
        [100.],
        [100.],
        [100.],
        [100.],
        [100.],
        [100.],
        [100.],
        [100.],
        [100.],
        [100.],
        [100.],
        [100.],
        [100.]])%


Accuracy 2dp: tensor([[0.],
        [0.],
        [0.],
        [0.],
        [0.],
        [0.],
        [0.],
        [0.],
        [0.],
        [0.],
        [0.],
        [0.],
        [0.],
        [0.],
        [0.],
        [0.],
        [0.],
        [0.],
        [0.],
        [0.],
        [0.],
        [0.],
        [0.],
        [0.],
        [0.],
        [0.],
        [0.],
        [0.],
        [0.],
        [0.],
        [0.],
        [0.]])%
Accuracy 1dp: tensor([[ 0.],
        [ 0.],
        [ 0.],
        [ 0.],
        [ 0.],
        [ 0.],
        [ 0.],
        [ 0.],
        [ 0.],
        [ 0.],
        [ 0.],
        [ 0.],
        [ 0.],
        [ 0.],
        [ 0.],
        [ 0.],
        [ 0.],
        [ 0.],
        [ 0.],
        [ 0.],
        [ 0.],
        [ 0.],
        [ 0.],
        [ 0.],
        [ 0.],
        [50.],
        [ 0.],
        [ 0.],
        [ 0.],
        [ 0.],
        [50.],
        [ 0.]])%


Accuracy 2dp: tensor([[ 0.],
        [ 0.],
        [ 0.],
        [ 0.],
        [ 0.],
        [ 0.],
        [ 0.],
        [ 0.],
        [ 0.],
        [ 0.],
        [ 0.],
        [ 0.],
        [ 0.],
        [ 0.],
        [ 0.],
        [ 0.],
        [ 0.],
        [ 0.],
        [ 0.],
        [ 0.],
        [50.],
        [ 0.],
        [ 0.],
        [ 0.],
        [ 0.],
        [ 0.],
        [ 0.],
        [ 0.],
        [ 0.],
        [ 0.],
        [ 0.],
        [ 0.]])%
Accuracy 1dp: tensor([[ 0.],
        [ 0.],
        [50.],
        [50.],
        [ 0.],
        [ 0.],
        [ 0.],
        [ 0.],
        [50.],
        [ 0.],
        [50.],
        [ 0.],
        [50.],
        [50.],
        [ 0.],
        [ 0.],
        [50.],
        [ 0.],
        [50.],
        [ 0.],
        [50.],
        [50.],
        [ 0.],
        [50.],
        [ 0.],
        [50.],
        [ 0.],
        [50.],
        [ 0.],
        [50.],
        [ 0.],
        [50.]])%


Accuracy 2dp: tensor([[ 0.],
        [ 0.],
        [ 0.],
        [ 0.],
        [ 0.],
        [25.],
        [ 0.],
        [ 0.],
        [ 0.],
        [ 0.],
        [ 0.],
        [ 0.],
        [ 0.],
        [ 0.],
        [ 0.],
        [ 0.]])%
Accuracy 1dp: tensor([[ 0.],
        [25.],
        [ 0.],
        [ 0.],
        [25.],
        [50.],
        [25.],
        [ 0.],
        [ 0.],
        [25.],
        [ 0.],
        [ 0.],
        [25.],
        [25.],
        [25.],
        [25.]])%


Accuracy 2dp: tensor([[100.],
        [100.],
        [100.],
        [100.],
        [100.],
        [100.],
        [100.],
        [ 75.],
        [100.],
        [ 75.],
        [100.],
        [ 75.],
        [ 75.],
        [ 50.],
        [ 50.],
        [ 50.]])%
Accuracy 1dp: tensor([[100.],
        [100.],
        [100.],
        [100.],
        [100.],
        [100.],
        [100.],
        [100.],
        [100.],
        [100.],
        [100.],
        [100.],
        [100.],
        [100.],
        [100.],
        [100.]])%


Accuracy 2dp: tensor([[100.],
        [100.],
        [100.],
        [100.],
        [100.],
        [100.],
        [100.],
        [ 75.],
        [100.],
        [ 75.],
        [100.],
        [ 75.],
        [ 75.],
        [ 50.],
        [ 50.],
        [ 50.]])%
Accuracy 1dp: tensor([[100.],
        [100.],
        [100.],
        [100.],
        [100.],
        [100.],
        [100.],
        [100.],
        [100.],
        [100.],
        [100.],
        [100.],
        [100.],
        [100.],
        [100.],
        [100.]])%


Accuracy 2dp: tensor([[ 0.],
        [ 0.],
        [ 0.],
        [ 0.],
        [ 0.],
        [ 0.],
        [25.],
        [ 0.],
        [ 0.],
        [ 0.],
        [ 0.],
        [ 0.],
        [ 0.],
        [ 0.],
        [ 0.],
        [ 0.]])%
Accuracy 1dp: tensor([[ 0.],
        [ 0.],
        [ 0.],
        [ 0.],
        [ 0.],
        [ 0.],
        [25.],
        [ 0.],
        [25.],
        [ 0.],
        [25.],
        [ 0.],
        [25.],
        [ 0.],
        [25.],
        [ 0.]])%


Accuracy 2dp: tensor([[ 0.],
        [ 0.],
        [ 0.],
        [ 0.],
        [ 0.],
        [ 0.],
        [25.],
        [ 0.],
        [ 0.],
        [ 0.],
        [ 0.],
        [ 0.],
        [ 0.],
        [ 0.],
        [ 0.],
        [ 0.]])%
Accuracy 1dp: tensor([[ 0.],
        [ 0.],
        [ 0.],
        [ 0.],
        [ 0.],
        [ 0.],
        [25.],
        [ 0.],
        [25.],
        [ 0.],
        [25.],
        [ 0.],
        [25.],
        [ 0.],
        [25.],
        [ 0.]])%


Accuracy 2dp: tensor([[100.],
        [ 75.],
        [ 50.],
        [100.],
        [ 50.],
        [ 75.],
        [ 25.],
        [ 25.],
        [ 25.],
        [ 75.],
        [ 75.],
        [100.],
        [ 50.],
        [ 75.],
        [ 50.],
        [ 75.]])%
Accuracy 1dp: tensor([[100.],
        [100.],
        [100.],
        [100.],
        [100.],
        [100.],
        [100.],
        [100.],
        [100.],
        [100.],
        [100.],
        [100.],
        [100.],
        [100.],
        [100.],
        [100.]])%


Accuracy 2dp: tensor([[ 0.],
        [ 0.],
        [25.],
        [ 0.],
        [ 0.],
        [ 0.],
        [ 0.],
        [ 0.],
        [ 0.],
        [ 0.],
        [ 0.],
        [ 0.],
        [ 0.],
        [ 0.],
        [ 0.],
        [25.]])%
Accuracy 1dp: tensor([[25.],
        [50.],
        [25.],
        [ 0.],
        [ 0.],
        [ 0.],
        [25.],
        [25.],
        [25.],
        [50.],
        [25.],
        [ 0.],
        [ 0.],
        [25.],
        [25.],
        [25.]])%


Accuracy 2dp: tensor([[0.],
        [0.],
        [0.],
        [0.],
        [0.],
        [0.],
        [0.],
        [0.],
        [0.],
        [0.],
        [0.],
        [0.],
        [0.],
        [0.],
        [0.],
        [0.]])%
Accuracy 1dp: tensor([[ 0.],
        [ 0.],
        [ 0.],
        [50.],
        [ 0.],
        [25.],
        [ 0.],
        [ 0.],
        [ 0.],
        [ 0.],
        [ 0.],
        [ 0.],
        [ 0.],
        [ 0.],
        [ 0.],
        [ 0.]])%


Accuracy 2dp: tensor([[ 0.],
        [ 0.],
        [25.],
        [ 0.],
        [ 0.],
        [ 0.],
        [ 0.],
        [ 0.],
        [ 0.],
        [ 0.],
        [ 0.],
        [ 0.],
        [ 0.],
        [ 0.],
        [ 0.],
        [25.]])%
Accuracy 1dp: tensor([[25.],
        [50.],
        [25.],
        [ 0.],
        [ 0.],
        [ 0.],
        [25.],
        [25.],
        [25.],
        [50.],
        [25.],
        [ 0.],
        [ 0.],
        [25.],
        [25.],
        [25.]])%


Accuracy 2dp: tensor([[ 75.],
        [ 50.],
        [ 75.],
        [ 75.],
        [ 25.],
        [ 25.],
        [ 50.],
        [ 25.],
        [100.],
        [ 25.],
        [ 50.],
        [ 50.],
        [ 50.],
        [ 50.],
        [ 50.],
        [ 25.]])%
Accuracy 1dp: tensor([[100.],
        [100.],
        [100.],
        [100.],
        [100.],
        [ 75.],
        [100.],
        [ 75.],
        [100.],
        [100.],
        [100.],
        [100.],
        [100.],
        [100.],
        [100.],
        [100.]])%


Accuracy 2dp: tensor([[ 75.],
        [100.],
        [100.],
        [ 50.],
        [ 50.],
        [  0.],
        [  0.],
        [ 25.],
        [ 50.],
        [ 75.],
        [ 50.],
        [ 75.],
        [ 75.],
        [ 75.],
        [ 25.],
        [ 75.]])%
Accuracy 1dp: tensor([[100.],
        [100.],
        [100.],
        [100.],
        [100.],
        [100.],
        [100.],
        [ 75.],
        [100.],
        [100.],
        [100.],
        [100.],
        [100.],
        [100.],
        [100.],
        [100.]])%


Accuracy 2dp: tensor([[ 75.],
        [100.],
        [100.],
        [ 50.],
        [ 50.],
        [  0.],
        [  0.],
        [ 25.],
        [ 50.],
        [ 75.],
        [ 50.],
        [ 75.],
        [ 75.],
        [ 75.],
        [ 25.],
        [ 75.]])%
Accuracy 1dp: tensor([[100.],
        [100.],
        [100.],
        [100.],
        [100.],
        [100.],
        [100.],
        [ 75.],
        [100.],
        [100.],
        [100.],
        [100.],
        [100.],
        [100.],
        [100.],
        [100.]])%


Accuracy 2dp: tensor([[0.],
        [0.],
        [0.],
        [0.],
        [0.],
        [0.],
        [0.],
        [0.],
        [0.],
        [0.],
        [0.],
        [0.],
        [0.],
        [0.],
        [0.],
        [0.]])%
Accuracy 1dp: tensor([[ 0.],
        [ 0.],
        [ 0.],
        [ 0.],
        [ 0.],
        [25.],
        [25.],
        [ 0.],
        [ 0.],
        [25.],
        [ 0.],
        [ 0.],
        [ 0.],
        [ 0.],
        [ 0.],
        [ 0.]])%


Accuracy 2dp: tensor([[75.],
        [50.],
        [25.],
        [ 0.],
        [75.],
        [25.],
        [25.],
        [25.],
        [50.],
        [50.],
        [50.],
        [50.],
        [25.],
        [50.],
        [50.],
        [25.]])%
Accuracy 1dp: tensor([[100.],
        [100.],
        [100.],
        [100.],
        [100.],
        [ 75.],
        [100.],
        [ 50.],
        [100.],
        [ 75.],
        [100.],
        [100.],
        [100.],
        [100.],
        [100.],
        [100.]])%


Accuracy 2dp: tensor([[25.],
        [ 0.],
        [ 0.],
        [ 0.],
        [ 0.],
        [ 0.],
        [ 0.],
        [ 0.],
        [25.],
        [25.],
        [ 0.],
        [ 0.],
        [ 0.],
        [ 0.],
        [ 0.],
        [25.]])%
Accuracy 1dp: tensor([[ 50.],
        [ 25.],
        [  0.],
        [  0.],
        [  0.],
        [ 25.],
        [ 25.],
        [  0.],
        [ 50.],
        [100.],
        [ 25.],
        [  0.],
        [  0.],
        [ 25.],
        [ 25.],
        [ 25.]])%


Accuracy 2dp: tensor([[50.],
        [75.],
        [75.],
        [ 0.],
        [50.],
        [25.],
        [50.],
        [25.],
        [50.],
        [50.],
        [50.],
        [50.],
        [50.],
        [50.],
        [50.],
        [50.]])%
Accuracy 1dp: tensor([[100.],
        [100.],
        [100.],
        [100.],
        [100.],
        [ 75.],
        [100.],
        [ 50.],
        [100.],
        [ 75.],
        [100.],
        [100.],
        [100.],
        [100.],
        [100.],
        [100.]])%


Accuracy 2dp: tensor([[ 50.],
        [ 50.],
        [ 75.],
        [ 50.],
        [ 75.],
        [ 50.],
        [ 25.],
        [ 25.],
        [ 75.],
        [ 75.],
        [100.],
        [ 50.],
        [ 50.],
        [ 50.],
        [ 50.],
        [ 50.]])%
Accuracy 1dp: tensor([[100.],
        [100.],
        [100.],
        [100.],
        [100.],
        [100.],
        [100.],
        [100.],
        [100.],
        [100.],
        [100.],
        [100.],
        [100.],
        [100.],
        [100.],
        [100.]])%


Accuracy 2dp: tensor([[100.],
        [100.],
        [ 75.],
        [ 75.],
        [ 75.],
        [ 75.],
        [ 50.],
        [  0.],
        [ 50.],
        [ 75.],
        [100.],
        [ 50.],
        [ 50.],
        [ 75.],
        [100.],
        [ 50.]])%
Accuracy 1dp: tensor([[100.],
        [100.],
        [100.],
        [100.],
        [100.],
        [100.],
        [100.],
        [100.],
        [100.],
        [100.],
        [100.],
        [100.],
        [100.],
        [100.],
        [100.],
        [100.]])%


Accuracy 2dp: tensor([[100.],
        [ 75.],
        [ 25.],
        [ 25.],
        [  0.],
        [ 25.],
        [ 25.],
        [ 25.],
        [ 25.],
        [ 25.],
        [ 25.],
        [ 75.],
        [ 50.],
        [ 50.],
        [ 25.],
        [ 25.]])%
Accuracy 1dp: tensor([[100.],
        [100.],
        [100.],
        [100.],
        [100.],
        [ 75.],
        [100.],
        [ 75.],
        [100.],
        [100.],
        [100.],
        [100.],
        [100.],
        [100.],
        [100.],
        [100.]])%


Accuracy 2dp: tensor([[25.],
        [25.],
        [25.],
        [50.],
        [50.],
        [25.],
        [25.],
        [ 0.],
        [25.],
        [ 0.],
        [25.],
        [25.],
        [25.],
        [25.],
        [25.],
        [25.]])%
Accuracy 1dp: tensor([[100.],
        [100.],
        [ 75.],
        [ 75.],
        [100.],
        [ 75.],
        [ 50.],
        [ 50.],
        [ 75.],
        [ 50.],
        [100.],
        [ 75.],
        [ 75.],
        [100.],
        [100.],
        [100.]])%


Accuracy 2dp: tensor([[100.],
        [ 75.],
        [ 75.],
        [ 75.],
        [ 75.],
        [ 50.],
        [ 50.],
        [ 50.],
        [ 50.],
        [ 75.],
        [100.],
        [ 75.],
        [ 50.],
        [ 75.],
        [ 75.],
        [100.]])%
Accuracy 1dp: tensor([[100.],
        [100.],
        [100.],
        [100.],
        [100.],
        [100.],
        [100.],
        [100.],
        [100.],
        [100.],
        [100.],
        [100.],
        [100.],
        [100.],
        [100.],
        [100.]])%


Accuracy 2dp: tensor([[100.],
        [ 50.],
        [ 75.],
        [ 50.],
        [ 25.],
        [ 50.],
        [ 50.],
        [ 50.],
        [ 75.],
        [ 75.],
        [ 75.],
        [ 75.],
        [ 75.],
        [ 75.],
        [100.],
        [ 75.]])%
Accuracy 1dp: tensor([[100.],
        [100.],
        [100.],
        [100.],
        [100.],
        [100.],
        [100.],
        [100.],
        [100.],
        [100.],
        [100.],
        [100.],
        [100.],
        [100.],
        [100.],
        [100.]])%


Accuracy 2dp: tensor([[100.],
        [100.],
        [100.],
        [ 50.],
        [ 25.],
        [ 25.],
        [ 25.],
        [ 50.],
        [ 50.],
        [ 75.],
        [ 50.],
        [ 75.],
        [ 50.],
        [ 50.],
        [ 75.],
        [ 50.]])%
Accuracy 1dp: tensor([[100.],
        [100.],
        [100.],
        [100.],
        [100.],
        [100.],
        [100.],
        [ 75.],
        [100.],
        [100.],
        [100.],
        [100.],
        [100.],
        [100.],
        [100.],
        [100.]])%


Accuracy 2dp: tensor([[50.],
        [50.],
        [50.],
        [25.],
        [50.],
        [25.],
        [25.],
        [ 0.],
        [25.],
        [50.],
        [50.],
        [50.],
        [50.],
        [ 0.],
        [50.],
        [25.]])%
Accuracy 1dp: tensor([[100.],
        [100.],
        [100.],
        [100.],
        [ 75.],
        [ 75.],
        [ 50.],
        [ 50.],
        [100.],
        [100.],
        [ 75.],
        [100.],
        [100.],
        [100.],
        [100.],
        [100.]])%


Accuracy 2dp: tensor([[75.],
        [75.],
        [50.],
        [25.],
        [50.],
        [75.],
        [ 0.],
        [25.],
        [50.],
        [50.],
        [75.],
        [75.],
        [50.],
        [50.],
        [75.],
        [50.]])%
Accuracy 1dp: tensor([[100.],
        [100.],
        [100.],
        [100.],
        [100.],
        [100.],
        [100.],
        [100.],
        [100.],
        [100.],
        [100.],
        [100.],
        [100.],
        [100.],
        [100.],
        [100.]])%


Accuracy 2dp: tensor([[100.],
        [100.],
        [ 50.],
        [ 25.],
        [ 75.],
        [ 50.],
        [ 25.],
        [ 25.],
        [ 50.],
        [ 50.],
        [ 50.],
        [ 50.],
        [ 50.],
        [ 75.],
        [ 50.],
        [ 75.]])%
Accuracy 1dp: tensor([[100.],
        [100.],
        [100.],
        [100.],
        [100.],
        [100.],
        [100.],
        [100.],
        [100.],
        [100.],
        [100.],
        [100.],
        [100.],
        [100.],
        [100.],
        [100.]])%


Accuracy 2dp: tensor([[50.],
        [25.],
        [25.],
        [50.],
        [50.],
        [ 0.],
        [50.],
        [25.],
        [50.],
        [75.],
        [50.],
        [25.],
        [25.],
        [25.],
        [50.],
        [50.]])%
Accuracy 1dp: tensor([[100.],
        [100.],
        [100.],
        [100.],
        [100.],
        [100.],
        [ 50.],
        [ 75.],
        [100.],
        [100.],
        [100.],
        [100.],
        [100.],
        [100.],
        [100.],
        [100.]])%


Accuracy 2dp: tensor([[100.],
        [100.],
        [100.],
        [100.],
        [ 50.],
        [ 25.],
        [  0.],
        [ 25.],
        [ 50.],
        [ 75.],
        [ 50.],
        [ 50.],
        [ 50.],
        [ 50.],
        [ 50.],
        [ 50.]])%
Accuracy 1dp: tensor([[100.],
        [100.],
        [100.],
        [100.],
        [100.],
        [100.],
        [100.],
        [100.],
        [100.],
        [100.],
        [100.],
        [100.],
        [100.],
        [100.],
        [100.],
        [100.]])%


Accuracy 2dp: tensor([[100.],
        [ 75.],
        [100.],
        [ 50.],
        [ 25.],
        [ 50.],
        [ 50.],
        [ 25.],
        [ 25.],
        [ 50.],
        [ 50.],
        [100.],
        [ 75.],
        [ 25.],
        [ 75.],
        [ 50.]])%
Accuracy 1dp: tensor([[100.],
        [100.],
        [100.],
        [100.],
        [100.],
        [ 75.],
        [100.],
        [100.],
        [100.],
        [100.],
        [100.],
        [100.],
        [100.],
        [100.],
        [100.],
        [100.]])%


Accuracy 2dp: tensor([[50.],
        [50.],
        [50.],
        [25.],
        [50.],
        [75.],
        [75.],
        [75.],
        [50.],
        [50.],
        [50.],
        [75.],
        [75.],
        [75.],
        [50.],
        [75.]])%
Accuracy 1dp: tensor([[100.],
        [100.],
        [100.],
        [100.],
        [100.],
        [100.],
        [100.],
        [100.],
        [100.],
        [100.],
        [100.],
        [100.],
        [100.],
        [100.],
        [100.],
        [100.]])%


Accuracy 2dp: tensor([[ 75.],
        [100.],
        [ 50.],
        [  0.],
        [  0.],
        [ 25.],
        [ 25.],
        [  0.],
        [ 50.],
        [ 50.],
        [ 75.],
        [ 50.],
        [ 50.],
        [ 25.],
        [ 75.],
        [ 75.]])%
Accuracy 1dp: tensor([[100.],
        [100.],
        [100.],
        [100.],
        [100.],
        [100.],
        [100.],
        [ 75.],
        [100.],
        [100.],
        [100.],
        [100.],
        [100.],
        [100.],
        [100.],
        [100.]])%


Accuracy 2dp: tensor([[75.],
        [25.],
        [25.],
        [75.],
        [50.],
        [25.],
        [25.],
        [25.],
        [25.],
        [25.],
        [50.],
        [50.],
        [50.],
        [50.],
        [ 0.],
        [25.]])%
Accuracy 1dp: tensor([[100.],
        [100.],
        [100.],
        [100.],
        [100.],
        [ 75.],
        [100.],
        [ 75.],
        [100.],
        [100.],
        [100.],
        [100.],
        [100.],
        [100.],
        [100.],
        [100.]])%


Accuracy 2dp: tensor([[100.],
        [ 25.],
        [ 25.],
        [ 75.],
        [ 25.],
        [ 50.],
        [ 50.],
        [ 25.],
        [ 50.],
        [ 75.],
        [100.],
        [ 50.],
        [ 75.],
        [ 25.],
        [ 75.],
        [ 75.]])%
Accuracy 1dp: tensor([[100.],
        [100.],
        [100.],
        [100.],
        [100.],
        [100.],
        [100.],
        [ 75.],
        [100.],
        [100.],
        [100.],
        [100.],
        [100.],
        [100.],
        [100.],
        [100.]])%


Accuracy 2dp: tensor([[50.],
        [50.],
        [25.],
        [ 0.],
        [50.],
        [25.],
        [25.],
        [25.],
        [25.],
        [75.],
        [50.],
        [50.],
        [75.],
        [50.],
        [50.],
        [25.]])%
Accuracy 1dp: tensor([[100.],
        [100.],
        [100.],
        [100.],
        [100.],
        [ 75.],
        [ 75.],
        [ 75.],
        [100.],
        [ 75.],
        [100.],
        [ 75.],
        [100.],
        [100.],
        [ 75.],
        [100.]])%


Accuracy 2dp: tensor([[75.],
        [75.],
        [25.],
        [50.],
        [25.],
        [25.],
        [25.],
        [25.],
        [75.],
        [50.],
        [ 0.],
        [50.],
        [50.],
        [50.],
        [25.],
        [50.]])%
Accuracy 1dp: tensor([[100.],
        [100.],
        [100.],
        [100.],
        [100.],
        [ 75.],
        [ 75.],
        [ 75.],
        [100.],
        [100.],
        [100.],
        [100.],
        [100.],
        [100.],
        [ 75.],
        [100.]])%


Accuracy 2dp: tensor([[75.],
        [50.],
        [75.],
        [50.],
        [50.],
        [50.],
        [50.],
        [25.],
        [75.],
        [75.],
        [50.],
        [75.],
        [75.],
        [50.],
        [50.],
        [50.]])%
Accuracy 1dp: tensor([[100.],
        [100.],
        [100.],
        [100.],
        [100.],
        [100.],
        [100.],
        [100.],
        [100.],
        [100.],
        [100.],
        [100.],
        [100.],
        [100.],
        [100.],
        [100.]])%


Accuracy 2dp: tensor([[ 75.],
        [ 75.],
        [100.],
        [ 75.],
        [ 25.],
        [ 50.],
        [ 25.],
        [ 25.],
        [ 75.],
        [ 75.],
        [ 75.],
        [ 50.],
        [ 50.],
        [ 75.],
        [ 50.],
        [ 75.]])%
Accuracy 1dp: tensor([[100.],
        [100.],
        [100.],
        [100.],
        [100.],
        [100.],
        [100.],
        [100.],
        [100.],
        [100.],
        [100.],
        [100.],
        [100.],
        [100.],
        [100.],
        [100.]])%


Accuracy 2dp: tensor([[100.],
        [ 75.],
        [ 25.],
        [ 50.],
        [ 75.],
        [ 25.],
        [ 50.],
        [ 25.],
        [ 50.],
        [ 75.],
        [ 75.],
        [ 75.],
        [ 75.],
        [ 75.],
        [ 50.],
        [ 50.]])%
Accuracy 1dp: tensor([[100.],
        [100.],
        [100.],
        [100.],
        [100.],
        [100.],
        [100.],
        [100.],
        [100.],
        [100.],
        [100.],
        [100.],
        [100.],
        [100.],
        [100.],
        [100.]])%


Accuracy 2dp: tensor([[ 50.],
        [ 50.],
        [ 75.],
        [ 25.],
        [ 25.],
        [  0.],
        [  0.],
        [ 25.],
        [ 50.],
        [ 25.],
        [ 50.],
        [ 50.],
        [ 25.],
        [ 75.],
        [ 50.],
        [100.]])%
Accuracy 1dp: tensor([[100.],
        [100.],
        [100.],
        [100.],
        [100.],
        [ 75.],
        [100.],
        [ 75.],
        [100.],
        [ 75.],
        [100.],
        [100.],
        [100.],
        [100.],
        [100.],
        [100.]])%


Accuracy 2dp: tensor([[75.],
        [ 0.],
        [50.],
        [25.],
        [50.],
        [50.],
        [75.],
        [50.],
        [50.],
        [75.],
        [50.],
        [25.],
        [50.],
        [25.],
        [25.],
        [25.]])%
Accuracy 1dp: tensor([[100.],
        [100.],
        [100.],
        [100.],
        [100.],
        [ 75.],
        [ 75.],
        [ 75.],
        [ 75.],
        [100.],
        [100.],
        [ 50.],
        [100.],
        [100.],
        [ 75.],
        [ 75.]])%


Accuracy 2dp: tensor([[100.],
        [ 75.],
        [ 50.],
        [ 50.],
        [ 75.],
        [ 50.],
        [ 25.],
        [ 25.],
        [ 50.],
        [ 75.],
        [ 75.],
        [100.],
        [ 50.],
        [ 75.],
        [ 75.],
        [ 75.]])%
Accuracy 1dp: tensor([[100.],
        [100.],
        [100.],
        [100.],
        [100.],
        [100.],
        [100.],
        [100.],
        [100.],
        [100.],
        [100.],
        [100.],
        [100.],
        [100.],
        [100.],
        [100.]])%


Accuracy 2dp: tensor([[75.],
        [75.],
        [50.],
        [25.],
        [50.],
        [50.],
        [50.],
        [ 0.],
        [ 0.],
        [25.],
        [50.],
        [50.],
        [25.],
        [50.],
        [ 0.],
        [50.]])%
Accuracy 1dp: tensor([[100.],
        [100.],
        [100.],
        [100.],
        [100.],
        [ 75.],
        [ 75.],
        [ 75.],
        [ 75.],
        [100.],
        [100.],
        [100.],
        [100.],
        [100.],
        [100.],
        [100.]])%


Accuracy 2dp: tensor([[ 75.],
        [100.],
        [ 75.],
        [ 50.],
        [ 25.],
        [ 25.],
        [ 25.],
        [  0.],
        [ 25.],
        [ 50.],
        [100.],
        [ 25.],
        [ 50.],
        [ 25.],
        [ 75.],
        [ 25.]])%
Accuracy 1dp: tensor([[100.],
        [100.],
        [100.],
        [100.],
        [100.],
        [100.],
        [100.],
        [ 75.],
        [100.],
        [100.],
        [100.],
        [100.],
        [100.],
        [100.],
        [100.],
        [100.]])%


Accuracy 2dp: tensor([[ 75.],
        [ 75.],
        [ 50.],
        [ 50.],
        [ 50.],
        [ 50.],
        [  0.],
        [ 50.],
        [ 25.],
        [ 75.],
        [ 50.],
        [ 50.],
        [ 50.],
        [100.],
        [ 25.],
        [ 25.]])%
Accuracy 1dp: tensor([[100.],
        [100.],
        [100.],
        [100.],
        [100.],
        [100.],
        [ 75.],
        [ 75.],
        [100.],
        [ 75.],
        [100.],
        [100.],
        [100.],
        [100.],
        [100.],
        [100.]])%


Accuracy 2dp: tensor([[100.],
        [100.],
        [ 75.],
        [ 75.],
        [ 75.],
        [ 50.],
        [ 50.],
        [ 25.],
        [ 50.],
        [ 50.],
        [ 50.],
        [ 75.],
        [ 50.],
        [ 50.],
        [ 50.],
        [ 75.]])%
Accuracy 1dp: tensor([[100.],
        [100.],
        [100.],
        [100.],
        [100.],
        [100.],
        [100.],
        [100.],
        [100.],
        [100.],
        [100.],
        [100.],
        [100.],
        [100.],
        [100.],
        [100.]])%


Accuracy 2dp: tensor([[25.],
        [25.],
        [ 0.],
        [25.],
        [25.],
        [50.],
        [ 0.],
        [25.],
        [50.],
        [50.],
        [75.],
        [50.],
        [50.],
        [50.],
        [25.],
        [25.]])%
Accuracy 1dp: tensor([[100.],
        [100.],
        [100.],
        [100.],
        [100.],
        [ 75.],
        [ 75.],
        [ 75.],
        [100.],
        [100.],
        [100.],
        [100.],
        [100.],
        [100.],
        [100.],
        [100.]])%


Accuracy 2dp: tensor([[ 75.],
        [100.],
        [ 75.],
        [ 50.],
        [ 50.],
        [ 25.],
        [ 25.],
        [ 25.],
        [ 50.],
        [ 75.],
        [ 50.],
        [ 50.],
        [ 50.],
        [ 50.],
        [ 50.],
        [ 75.]])%
Accuracy 1dp: tensor([[100.],
        [100.],
        [100.],
        [100.],
        [100.],
        [100.],
        [100.],
        [100.],
        [100.],
        [100.],
        [100.],
        [100.],
        [100.],
        [100.],
        [100.],
        [100.]])%


Accuracy 2dp: tensor([[50.],
        [75.],
        [75.],
        [75.],
        [75.],
        [25.],
        [25.],
        [50.],
        [50.],
        [75.],
        [50.],
        [75.],
        [75.],
        [75.],
        [75.],
        [50.]])%
Accuracy 1dp: tensor([[100.],
        [100.],
        [100.],
        [100.],
        [100.],
        [100.],
        [100.],
        [100.],
        [100.],
        [100.],
        [100.],
        [100.],
        [100.],
        [100.],
        [100.],
        [100.]])%


Accuracy 2dp: tensor([[0.],
        [0.],
        [0.],
        [0.],
        [0.],
        [0.],
        [0.],
        [0.],
        [0.],
        [0.],
        [0.],
        [0.],
        [0.],
        [0.],
        [0.],
        [0.]])%
Accuracy 1dp: tensor([[ 0.],
        [50.],
        [ 0.],
        [ 0.],
        [ 0.],
        [ 0.],
        [ 0.],
        [ 0.],
        [ 0.],
        [50.],
        [50.],
        [ 0.],
        [ 0.],
        [50.],
        [ 0.],
        [50.]])%


Accuracy 2dp: tensor([[100.],
        [ 50.],
        [ 25.],
        [ 50.],
        [ 50.],
        [ 50.],
        [ 50.],
        [ 25.],
        [ 50.],
        [ 50.],
        [ 75.],
        [ 75.],
        [ 75.],
        [ 50.],
        [ 50.],
        [ 50.]])%
Accuracy 1dp: tensor([[100.],
        [100.],
        [100.],
        [100.],
        [100.],
        [100.],
        [100.],
        [100.],
        [100.],
        [100.],
        [100.],
        [100.],
        [100.],
        [100.],
        [100.],
        [100.]])%


Accuracy 2dp: tensor([[75.],
        [50.],
        [50.],
        [25.],
        [25.],
        [25.],
        [ 0.],
        [25.],
        [ 0.],
        [25.],
        [50.],
        [25.],
        [50.],
        [25.],
        [50.],
        [ 0.]])%
Accuracy 1dp: tensor([[100.],
        [100.],
        [100.],
        [100.],
        [100.],
        [ 75.],
        [ 75.],
        [ 75.],
        [ 75.],
        [100.],
        [100.],
        [ 75.],
        [100.],
        [100.],
        [ 75.],
        [100.]])%


Accuracy 2dp: tensor([[25.],
        [ 0.],
        [ 0.],
        [ 0.],
        [25.],
        [25.],
        [50.],
        [50.],
        [25.],
        [75.],
        [50.],
        [50.],
        [25.],
        [25.],
        [ 0.],
        [ 0.]])%
Accuracy 1dp: tensor([[100.],
        [100.],
        [100.],
        [100.],
        [100.],
        [100.],
        [100.],
        [100.],
        [100.],
        [100.],
        [100.],
        [100.],
        [ 75.],
        [100.],
        [100.],
        [ 75.]])%


Accuracy 2dp: tensor([[17.8571],
        [17.8571],
        [21.4286],
        [17.8571],
        [ 7.1429],
        [17.8571],
        [17.8571],
        [21.4286],
        [14.2857],
        [ 7.1429],
        [ 3.5714],
        [17.8571],
        [ 7.1429],
        [21.4286],
        [32.1429],
        [ 7.1429]])%
Accuracy 1dp: tensor([[ 89.2857],
        [ 96.4286],
        [ 92.8571],
        [ 96.4286],
        [ 89.2857],
        [ 96.4286],
        [ 92.8571],
        [ 89.2857],
        [100.0000],
        [ 96.4286],
        [ 96.4286],
        [ 92.8571],
        [100.0000],
        [ 96.4286],
        [ 96.4286],
        [ 96.4286]])%


Accuracy 2dp: tensor([[10.7143],
        [10.7143],
        [25.0000],
        [25.0000],
        [17.8571],
        [17.8571],
        [ 7.1429],
        [17.8571],
        [21.4286],
        [17.8571],
        [28.5714],
        [17.8571],
        [28.5714],
        [25.0000],
        [21.4286],
        [ 7.1429]])%
Accuracy 1dp: tensor([[71.4286],
        [78.5714],
        [92.8571],
        [96.4286],
        [85.7143],
        [78.5714],
        [82.1429],
        [82.1429],
        [78.5714],
        [85.7143],
        [78.5714],
        [89.2857],
        [89.2857],
        [89.2857],
        [75.0000],
        [78.5714]])%


Accuracy 2dp: tensor([[35.7143],
        [25.0000],
        [10.7143],
        [25.0000],
        [21.4286],
        [28.5714],
        [ 3.5714],
        [21.4286],
        [17.8571],
        [14.2857],
        [10.7143],
        [17.8571],
        [35.7143],
        [42.8571],
        [28.5714],
        [21.4286]])%
Accuracy 1dp: tensor([[85.7143],
        [92.8571],
        [92.8571],
        [92.8571],
        [82.1429],
        [92.8571],
        [89.2857],
        [78.5714],
        [89.2857],
        [89.2857],
        [85.7143],
        [92.8571],
        [92.8571],
        [78.5714],
        [85.7143],
        [85.7143]])%


Accuracy 2dp: tensor([[21.4286],
        [17.8571],
        [17.8571],
        [10.7143],
        [14.2857],
        [17.8571],
        [17.8571],
        [32.1429],
        [10.7143],
        [25.0000],
        [17.8571],
        [17.8571],
        [14.2857],
        [10.7143],
        [28.5714],
        [14.2857]])%
Accuracy 1dp: tensor([[ 89.2857],
        [ 82.1429],
        [ 96.4286],
        [ 92.8571],
        [ 92.8571],
        [ 89.2857],
        [ 85.7143],
        [ 85.7143],
        [ 85.7143],
        [ 89.2857],
        [ 92.8571],
        [ 82.1429],
        [100.0000],
        [ 89.2857],
        [ 78.5714],
        [ 82.1429]])%


Accuracy 2dp: tensor([[25.0000],
        [10.7143],
        [14.2857],
        [ 7.1429],
        [21.4286],
        [10.7143],
        [10.7143],
        [17.8571],
        [21.4286],
        [14.2857],
        [10.7143],
        [17.8571],
        [14.2857],
        [ 3.5714],
        [ 7.1429],
        [14.2857]])%
Accuracy 1dp: tensor([[75.0000],
        [71.4286],
        [67.8571],
        [67.8571],
        [53.5714],
        [57.1429],
        [64.2857],
        [60.7143],
        [67.8571],
        [60.7143],
        [64.2857],
        [57.1429],
        [64.2857],
        [71.4286],
        [57.1429],
        [71.4286]])%
